world: 6bba3a19-3c6c-4152-b493-3df7c2cbd427
world-name: world
x: -218.83420771808568
y: 82.0
z: -1471.2284572770116
yaw: 92.22760009765625
pitch: 33.580963134765625
name: Aritralegend
lastowner: d866ed13-0169-37fe-a6ca-f0beeff92b29
