world: 6bba3a19-3c6c-4152-b493-3df7c2cbd427
world-name: world
x: -1821.5845408764942
y: 75.0
z: 71.1774760790949
yaw: -94.64385986328125
pitch: 36.42589569091797
name: DEVILKINGS_07
lastowner: d866ed13-0169-37fe-a6ca-f0beeff92b29
