world: 6bba3a19-3c6c-4152-b493-3df7c2cbd427
world-name: world
x: -1817.3383246353237
y: 78.0625
z: 57.289784039310845
yaw: 160.94044494628906
pitch: 33.24962615966797
name: ITS_DARSHIL
lastowner: d866ed13-0169-37fe-a6ca-f0beeff92b29
