world: 6bba3a19-3c6c-4152-b493-3df7c2cbd427
world-name: world
x: -2825.241782197342
y: 69.0
z: -1207.5023749011584
yaw: -73.96707153320312
pitch: 23.923067092895508
name: ME_Jaldi
lastowner: d866ed13-0169-37fe-a6ca-f0beeff92b29
