world: 6bba3a19-3c6c-4152-b493-3df7c2cbd427
world-name: world
x: -860.1922543932525
y: 64.0
z: 2482.589059343775
yaw: 98.11309814453125
pitch: 32.74491882324219
name: RG_1231
lastowner: d866ed13-0169-37fe-a6ca-f0beeff92b29
